2.403097807,1,2.203752617,7.647514343261719,2.384185791015625E-4;
6.49467165,1,6.260423089,9.789466857910156,1.1970996856689453;
3.831374984,1,3.61102708,5.799055099487305,0.3535747528076172;
1.278763211,1,1.092369536,7.849454879760742,9.5367431640625E-4;
0.754023709,1,0.525473858,5.346536636352539,0.18262863159179688;
0.865469717,1,0.45430849,12.560844421386719,0.9317398071289062;
0.783822537,1,0.434963299,7.842540740966797,0.87738037109375;
1.301640864,1,1.099371544,4.38690185546875,9.5367431640625E-4;
0.625470175,1,0.446387772,4.011392593383789,2.384185791015625E-4;
5.144696417,1,4.935454209,7.255792617797852,0.8351802825927734;
0.936521105,1,0.549236164,11.277198791503906,0.8804798126220703;
3.021010037,1,2.811397383,7.030963897705078,0.7719993591308594;
2.434476698,1,2.241300416,3.6993026733398438,0.1971721649169922;
0.87167539,1,0.677654172,3.7021636962890625,2.384185791015625E-4;
2.221835643,1,2.027041974,6.196022033691406,0.3352165222167969;
0.760683629,1,0.561872194,4.506349563598633,0.17881393432617188;
0.515758031,1,0.359863949,4.638910293579102,2.384185791015625E-4;
0.975088905,1,0.808684431,5.31458854675293,9.5367431640625E-4;
0.501012516,1,0.357173966,4.751920700073242,4.76837158203125E-4;
0.618504634,1,0.440069777,4.991769790649414,2.384185791015625E-4;
0.775117562,1,0.436576945,9.010076522827148,0.9520053863525391;
2.773762342,1,2.573339129,5.958080291748047,0.6003379821777344;
0.4029351,1,0.247514401,3.4961700439453125,2.384185791015625E-4;
0.535638042,1,0.336444127,3.6721229553222656,0.18358230590820312;
0.690192516,1,0.498517199,4.129886627197266,2.384185791015625E-4;
1.433730456,1,1.24631849,5.495786666870117,0.3116130828857422;
0.380245645,1,0.188362092,3.73077392578125,0.1842975616455078;
0.882598276,1,0.50695368,9.464025497436523,0.8769035339355469;
0.797277575,1,0.648025066,6.967067718505859,2.384185791015625E-4;
0.346871032,1,0.161645949,2.6597976684570312,0.1277923583984375;
0.764879081,1,0.557572415,3.114461898803711,0.17333030700683594;
0.443997849,1,0.255418379,3.4699440002441406,0.18095970153808594;
0.472340877,1,0.229151249,2.9571056365966797,0.19669532775878906;
0.546413257,1,0.374380824,4.608631134033203,2.384185791015625E-4;
0.716869724,1,0.522430294,3.4759044647216797,2.384185791015625E-4;
0.338699577,1,0.152928816,2.6788711547851562,0.1323223114013672;
0.791360855,1,0.594526799,3.497600555419922,2.384185791015625E-4;
0.342021954,1,0.155765141,2.5587081909179688,0.1308917999267578;
2.041323664,1,1.823760791,5.275964736938477,0.4241466522216797;
0.320393734,1,0.151117795,2.7849674224853516,0.125885009765625;
0.316539938,1,0.136040212,2.194643020629883,0.1285076141357422;
1.367134141,1,1.14653938,5.491733551025391,0.32401084899902344;
2.002392631,1,1.810552719,3.7581920623779297,0.17380714416503906;
0.425223012,1,0.27754562,3.5898685455322266,2.384185791015625E-4;
0.539587648,1,0.35066465,3.9229393005371094,0.1823902130126953;
1.987021708,1,1.795885847,5.317926406860352,0.3120899200439453;
0.424437677,1,0.270213535,5.363225936889648,4.76837158203125E-4;
0.374572171,1,0.187732811,3.9215087890625,0.17547607421875;
0.385720391,1,0.190222268,3.934621810913086,0.18310546875;
1.251083743,1,1.09456588,17.598628997802734,4.76837158203125E-4;
0.539979101,1,0.369403714,4.814624786376953,2.384185791015625E-4;
1.351301563,1,1.16475845,3.415822982788086,2.384185791015625E-4;
0.597497431,1,0.315798625,3.9801597595214844,0.17786026000976562;
0.412390894,1,0.259788981,3.6585330963134766,2.384185791015625E-4;
0.380553448,1,0.235973352,2.986907958984375,2.384185791015625E-4;
1.853718394,1,1.654056094,3.9157867431640625,0.179290771484375;
0.653996872,1,0.465347515,3.8483142852783203,2.384185791015625E-4;
0.401051865,1,0.217468438,3.739595413208008,0.16808509826660156;
1.764863321,1,1.572643595,3.2434463500976562,0.18095970153808594;
0.53025757,1,0.336411339,3.4558773040771484,0.18262863159179688;
0.665483156,1,0.463724814,3.7937164306640625,2.384185791015625E-4;
1.421145027,1,1.228616593,5.923032760620117,0.3199577331542969;
1.805243452,1,1.613907753,5.593776702880859,2.384185791015625E-4;
1.740723352,1,1.547788447,5.7525634765625,0.3135204315185547;
0.396956237,1,0.252771752,3.8700103759765625,2.384185791015625E-4;
1.536231577,1,1.318137416,4.498958587646484,0.17786026000976562;
1.445933907,1,1.251087213,3.7245750427246094,0.17452239990234375;
1.707642343,1,1.553684384,8.040904998779297,2.384185791015625E-4;
0.828443981,1,0.443145391,8.955717086791992,0.8361339569091797;
1.365757694,1,1.173958628,5.428552627563477,0.31828880310058594;
1.221576414,1,1.067597147,7.971525192260742,2.384185791015625E-4;
0.284468638,1,0.13738276,3.5076141357421875,4.76837158203125E-4;
0.274084684,1,0.126760802,2.922534942626953,2.384185791015625E-4;
0.391511994,1,0.212791821,3.558635711669922,0.17881393432617188;
0.373106032,1,0.190780437,3.502368927001953,0.17404556274414062;
1.87739193,1,1.714570343,8.742094039916992,4.76837158203125E-4;
0.328656044,1,0.14607374,3.060579299926758,0.1289844512939453;
0.317797198,1,0.132883549,2.3550987243652344,0.16641616821289062;
0.319514953,1,0.130862677,2.880573272705078,0.13017654418945312;
0.744778137,1,0.471903851,3.9157867431640625,4.76837158203125E-4;
0.646330373,1,0.454814454,3.1197071075439453,2.384185791015625E-4;
0.854124316,1,0.709804568,8.619070053100586,2.384185791015625E-4;
0.475673799,1,0.289899163,3.5920143127441406,0.18072128295898438;
0.321073362,1,0.14664339,2.7663707733154297,0.12564659118652344;
0.5295484,1,0.325268388,3.434419631958008,0.1823902130126953;
0.317578428,1,0.138568127,2.449512481689453,0.1270771026611328;
0.35956538,1,0.176412739,3.1991004943847656,0.18167495727539062;
0.361919362,1,0.174138717,2.8047561645507812,0.17404556274414062;
0.367043493,1,0.187681117,3.195524215698242,0.18286705017089844;
0.555431081,1,0.382685081,4.717111587524414,4.76837158203125E-4;
0.245896305,1,0.067968878,2.8536319732666016,0.19073486328125;
0.543092101,1,0.372103252,3.9942264556884766,4.76837158203125E-4;
0.396575697,1,0.250389121,3.7140846252441406,4.76837158203125E-4;
0.308544723,1,0.141893455,2.7840137481689453,0.13303756713867188;
0.467494407,1,0.281049808,3.6458969116210938,0.18334388732910156;
0.53572577,1,0.359159667,3.741741180419922,2.384185791015625E-4;
0.556436385,1,0.388340799,4.149913787841797,2.384185791015625E-4;
0.487298738,1,0.324413903,4.619121551513672,2.384185791015625E-4;
0.44133186,1,0.254700462,3.5049915313720703,2.384185791015625E-4;
0.648851355,1,0.469198222,4.628896713256836,2.384185791015625E-4;
0.462208609,1,0.229746491,2.761363983154297,2.384185791015625E-4;
1.665714235,1,1.476484799,3.8671493530273438,0.18358230590820312;
1.394514696,1,1.204593298,21.10767364501953,2.384185791015625E-4;
0.539133598,1,0.317086024,3.759622573852539,0.17404556274414062;
0.566576898,1,0.373983501,4.796028137207031,2.384185791015625E-4;
1.326037761,1,1.138167442,5.614042282104492,0.3209114074707031;
0.376854957,1,0.185910903,3.7353038787841797,0.17976760864257812;
0.742757834,1,0.509296796,4.090547561645508,2.384185791015625E-4;
1.361309732,1,1.166494914,5.438327789306641,0.31065940856933594;
0.383542553,1,0.241554058,3.549814224243164,2.384185791015625E-4;
0.621601513,1,0.360946504,3.865957260131836,0.18739700317382812;
0.894010495,1,0.494224232,10.363340377807617,0.8707046508789062;
0.323305473,1,0.142142875,2.8052330017089844,0.13017654418945312;
1.491708727,1,1.307850644,3.3655166625976562,0.18215179443359375;
0.492956557,1,0.304485912,3.7467479705810547,0.18310546875;
0.4871669,1,0.284851955,3.0798912048339844,0.18405914306640625;
0.334080935,1,0.150941058,2.920389175415039,0.12278556823730469;
0.711602265,1,0.562143988,7.483243942260742,2.384185791015625E-4;
1.715465723,1,1.571674647,6.636619567871094,2.384185791015625E-4;
0.388584878,1,0.248652924,3.5676956176757812,2.384185791015625E-4;
1.599749596,1,1.408090862,3.773927688598633,0.17213821411132812;
0.40717539,1,0.260712466,5.445241928100586,2.384185791015625E-4;
1.752680493,1,1.566048673,5.60760498046875,2.384185791015625E-4;
0.378283401,1,0.192802754,3.6590099334716797,0.18358230590820312;
0.694733333,1,0.497469498,3.8323402404785156,4.76837158203125E-4;
0.524827595,1,0.383983515,5.385398864746094,2.384185791015625E-4;
0.366814311,1,0.180887008,3.709554672241211,0.1957416534423828;
0.835781993,1,0.461396883,9.048700332641602,0.8983612060546875;
1.625161177,1,1.418113857,5.129337310791016,0.3104209899902344;
0.393019947,1,0.251712486,3.5953521728515625,2.384185791015625E-4;
1.540190502,1,1.35626933,3.584146499633789,0.1914501190185547;
0.371055069,1,0.169049239,3.720521926879883,0.17881393432617188;
0.721632681,1,0.483755217,3.9353370666503906,4.76837158203125E-4;
0.320601934,1,0.140317568,2.4712085723876953,0.13017654418945312;
1.584961424,1,1.39452854,3.1347274780273438,0.17952919006347656;
0.387431671,1,0.249780127,3.7546157836914062,7.152557373046875E-4;
0.371556776,1,0.179565623,3.656625747680664,0.18310546875;
0.730053205,1,0.502179411,3.9377212524414062,2.384185791015625E-4;
0.566042,1,0.369706293,3.7679672241210938,0.18358230590820312;
1.500433856,1,1.315753327,3.4198760986328125,0.1842975616455078;
0.321013133,1,0.150643656,2.8095245361328125,0.12969970703125;
0.368135495,1,0.189983252,3.1290054321289062,0.19288063049316406;
0.710290354,1,0.481366951,3.963470458984375,2.384185791015625E-4;
0.545279694,1,0.341980112,3.175973892211914,0.18477439880371094;
0.527363737,1,0.332816464,3.160715103149414,0.1785755157470703;
0.541106782,1,0.340619957,3.116130828857422,0.17714500427246094;
0.327665786,1,0.146098067,2.5882720947265625,0.125885009765625;
0.378706939,1,0.199348127,3.255605697631836,0.18858909606933594;
1.025686904,1,0.732652515,7.493257522583008,0.6060600280761719;
0.767010106,1,0.521133142,3.7004947662353516,4.76837158203125E-4;
