4.481332392,5,1.0838038238,300.5134582519531,0.4075050354003906;
0.78952817,4,0.12716989725,9.873628616333008,0.06568431854248047;
2.132437199,7,0.2657165501428571,106.0845170702253,0.14904567173549108;
31.140797596,2,16.3173746495,708.9502811431885,2.384185791015625E-4;
45.911772857,59,0.7173996946779662,14.983488341509277,0.6108566866082659;
0.519416209,2,0.235734601,11.383414268493652,2.384185791015625E-4;
0.42432041,2,0.2176905655,28.8923978805542,2.384185791015625E-4;
0.313923218,2,0.143703101,7.115364074707031,4.76837158203125E-4;
4.662491563,2,2.3608050185,47.95575141906738,7.152557373046875E-4;
0.322496047,2,0.1363918965,3.339529037475586,2.384185791015625E-4;
4.557924496,9,0.4080672927777778,3.578556908501519,0.19333097669813368;
1.311480236,6,0.146724499,1.708706219991048,0.08896986643473308;
4.311053319,13,0.17311928023076925,1.6844456012432392,0.15871341411884013;
447.418601183,137,3.1944833804087596,2.9098535106129906,1.1948164362106883;
63.495675534,82,0.6970037648658536,2.2349502982162863,0.6121804074543279;
0.79075217,3,0.25105042866666666,3.4924348195393877,0.06961822509765625;
0.62474883,2,0.34406445750000003,5.914211273193359,2.384185791015625E-4;
0.44243418,2,0.26901598,6.240367889404297,3.5762786865234375E-4;
8.204603678,3,2.7495875909999996,3.985087076822917,0.25931994120279944;
0.430602099,2,0.2584339665,4.488706588745117,4.76837158203125E-4;
9.112233225,20,0.24058290535000001,2.5192141532897945,0.20031929016113278;
1.45234778,6,0.15023471283333334,2.3432175318400064,0.0936587651570638;
5.099707514,13,0.17953187807692308,1.6935238471397984,0.1616844764122596;
224.537232344,48,4.602502638062498,3.141433000564575,1.1631250381469729;
1499.318930409,268,0.7099157640149252,2.1198774451640103,0.6340768799852966;
0.959729447,3,0.281097946,2.8982957204182944,0.06540616353352866;
0.559266415,2,0.3197027475,4.687905311584473,2.384185791015625E-4;
0.432985913,2,0.26352744100000003,4.647731781005859,2.384185791015625E-4;
4.995160138,3,1.7244758793333332,4.192511240641276,0.28483072916666663;
0.434724416,2,0.2624073305,4.08482551574707,1.1920928955078125E-4;
5.292692035,10,0.47016686990000006,1.7117500305175783,0.1647472381591797;
1.384185472,7,0.13199304585714286,1.6216209956577845,0.10323524475097656;
4.427897067,13,0.17725972576923077,1.6046120570256162,0.15354156494140625;
;
;
;
;
;
;
;
;
;
;
